0.08593750
0.20312500
0.09375000
0.21875000
0.10156250
0.02343750
0.02343750
0.14843750
0.20312500
0.16406250
0.02343750
0.07812500
0.15625000
0.08593750
0.06250000
0.15625000
0.14843750
0.20312500
0.05468750
0.07031250
0.38281250
0.22656250
0.56250000
0.38281250
0.22656250
0.16406250
0.24218750
0.03125000
0.08593750
0.09375000
0.04687500
0.07031250
0.06250000
0.04687500
0.12500000
0.07031250
0.15625000
0.08593750
0.00781250
0.07031250
0.03906250
0.01562500
0.01562500
0.11718750
0.08593750
0.11718750
0.08593750
0.01562500
0.07812500
0.10156250
0.06250000
0.03125000
0.22656250
0.37500000
0.48437500
0.12500000
0.11718750
0.27343750
0.19531250
0.37500000
0.22656250
0.29687500
0.43750000
0.17187500
0.32031250
0.24218750
0.17187500
0.20312500
0.30468750
0.28125000
0.53906250
0.30468750
0.42187500
0.36718750
0.44531250
0.35156250
0.39843750
0.48437500
0.42968750
0.45312500
0.23437500
0.23437500
0.27343750
0.42187500
0.42187500
0.35156250
0.72656250
1.06250000
1.12500000
1.39062500
1.14062500
1.50781250
1.50000000
0.66406250
0.15625000
0.17187500
0.07812500
0.07812500
0.07031250
0.09375000
0.11718750
0.10156250
0.42968750
0.69531250
0.53125000
0.49218750
0.53906250
0.18750000
0.30468750
0.25781250
0.23437500
0.26562500
0.21875000
0.21875000
0.31250000
1.23437500
1.03125000
0.12500000
0.25000000
0.21093750
0.25000000
0.19531250
0.14843750
0.07812500
0.07031250
0.09375000
0.08593750
0.75781250
1.42187500
1.51562500
1.52343750
1.36718750
1.20312500
0.22656250
0.11718750
0.05468750
0.05468750
0.04687500
0.08593750
0.42968750
1.02343750
0.62500000
0.10156250
0.25000000
0.14062500
0.14062500
0.17187500
0.17187500
0.21093750
0.14843750
0.18750000
0.10937500
0.10937500
0.13281250
0.16406250
0.16406250
0.20312500
0.21093750
0.23437500
0.21093750
0.20312500
0.20312500
0.21093750
0.14843750
0.24218750
0.23437500
0.20312500
0.16406250
0.25000000
0.25781250
0.35156250
0.17187500
