0.38281250
0.09375000
0.00000000
0.00000000
0.00000000
0.00000000
0.00000000
0.00000000
0.00000000
0.00000000
0.08593750
0.11718750
0.12500000
0.10937500
0.07031250
0.06250000
0.14062500
0.10156250
0.10937500
0.12500000
0.20312500
0.15625000
0.09375000
0.12500000
0.12500000
0.10937500
0.09375000
0.32812500
0.27343750
0.08593750
0.09375000
0.16406250
0.23437500
0.21093750
0.22656250
0.12500000
0.07031250
0.08593750
0.10156250
0.75781250
0.76562500
0.11718750
0.16406250
0.17968750
0.25000000
0.19531250
0.14062500
0.14843750
0.13281250
0.28906250
0.14062500
0.17968750
0.23437500
0.22656250
0.17968750
0.14062500
0.21875000
0.12500000
0.18750000
0.66406250
0.99218750
0.96875000
1.01562500
1.05468750
0.68750000
0.27343750
0.24218750
0.09375000
0.10156250
0.08593750
0.09375000
0.10156250
0.32812500
0.35156250
0.37500000
0.48437500
0.43750000
0.28125000
0.16406250
0.20312500
0.17968750
0.10156250
0.12500000
0.23437500
0.25000000
0.22656250
0.19531250
0.15625000
0.17187500
0.11718750
0.07812500
0.12500000
0.05468750
0.14062500
0.14062500
0.12500000
0.13281250
0.14843750
0.12500000
0.10156250
0.12500000
0.14062500
0.15625000
0.17968750
0.13281250
0.10937500
0.20312500
0.21093750
0.18750000
0.16406250
0.17187500
0.15625000
0.12500000
0.17968750
0.37500000
1.20312500
1.11718750
0.65625000
0.59375000
0.19531250
0.32031250
0.42187500
0.50781250
0.57031250
0.52343750
0.59375000
0.58593750
0.57812500
0.55468750
0.56250000
0.39062500
0.32031250
0.42187500
0.26562500
0.34375000
0.16406250
0.31250000
0.27343750
0.23437500
0.26562500
0.15625000
0.34375000
0.15625000
0.17187500
0.15625000
0.10156250
0.26562500
0.17187500
0.13281250
0.16406250
0.14062500
0.10937500
0.17968750
0.20312500
0.26562500
0.56250000
0.67968750
0.71875000
0.83593750
0.85156250
0.57812500
0.43750000
0.21875000
0.21875000
0.15625000
0.09375000
0.10156250
0.20312500
0.21875000
0.39062500
0.08593750
0.10156250
0.11718750
0.27343750
0.71093750
0.97656250
1.20312500
1.28125000
0.89062500
0.45312500
0.46093750
0.16406250
0.16406250
0.11718750
0.10156250
0.15625000
0.14062500
0.17187500
0.19531250
0.25000000
0.24218750
0.25000000
0.24218750
0.20312500
0.23437500
0.28906250
0.26562500
0.34375000
0.28906250
0.21875000
0.23437500
0.14062500
0.35937500
0.11718750
0.15625000
0.03125000
0.09375000
0.07812500
0.18750000
0.10937500
0.09375000
0.06250000
