0.13281250
0.11718750
0.19531250
0.14062500
0.09375000
0.08593750
0.07031250
0.09375000
0.10156250
0.14843750
0.06250000
0.10156250
0.27343750
0.22656250
0.14062500
0.14843750
0.21875000
0.10937500
0.02343750
0.02343750
0.09375000
0.12500000
0.11718750
0.42968750
0.77343750
0.19531250
0.11718750
0.10937500
0.12500000
0.14062500
0.07031250
0.07812500
0.07812500
0.07812500
0.07812500
0.07812500
0.07031250
0.07812500
0.07812500
0.07812500
0.10156250
0.18750000
0.25781250
0.39843750
0.37500000
0.34375000
0.42968750
0.31250000
0.28906250
0.22656250
0.23437500
0.22656250
0.25781250
0.81250000
0.95312500
0.85156250
0.67968750
0.21093750
0.10937500
0.13281250
0.18750000
0.18750000
0.27343750
0.10937500
0.07812500
0.05468750
0.06250000
0.05468750
0.07812500
0.11718750
0.10937500
0.14843750
0.11718750
0.12500000
0.14062500
0.14843750
0.17187500
0.15625000
0.12500000
0.12500000
0.11718750
0.14062500
0.16406250
0.19531250
0.10937500
0.13281250
0.13281250
0.13281250
0.06250000
0.07031250
0.07031250
0.07031250
0.07031250
0.16406250
0.50781250
0.86718750
0.87500000
0.35937500
0.20312500
0.22656250
0.20312500
0.16406250
0.10156250
0.07031250
0.07031250
0.07031250
0.07031250
0.07031250
0.06250000
0.07031250
0.07812500
0.14843750
0.16406250
0.19531250
0.21875000
0.17187500
0.14843750
0.12500000
0.13281250
0.13281250
0.17187500
0.08593750
0.10156250
0.10156250
0.10937500
0.16406250
0.15625000
0.07812500
0.04687500
0.05468750
0.16406250
0.16406250
0.10156250
0.06250000
0.11718750
0.10937500
0.12500000
0.15625000
0.14843750
0.12500000
0.16406250
0.21093750
0.20312500
0.24218750
0.15625000
0.10937500
0.14843750
0.17187500
0.20312500
0.21093750
0.19531250
0.17187500
0.17968750
0.21875000
0.15625000
0.32031250
0.14062500
0.15625000
0.18750000
0.16406250
0.18750000
0.15625000
0.11718750
0.14843750
0.09375000
0.02343750
0.08593750
0.13281250
0.05468750
0.31250000
0.10156250
0.12500000
0.07031250
0.13281250
0.18750000
0.10156250
0.16406250
0.14062500
0.16406250
0.17187500
0.23437500
0.21093750
0.29687500
0.28125000
0.18750000
0.38281250
0.31250000
0.32031250
0.27343750
0.34375000
0.22656250
