0.17968750
0.14843750
0.13281250
0.15625000
0.15625000
0.10156250
0.13281250
0.17968750
0.15625000
0.16406250
0.10937500
0.15625000
0.16406250
0.11718750
0.14062500
0.15625000
0.13281250
0.14062500
0.17187500
0.14062500
0.12500000
0.10156250
0.10937500
0.12500000
0.13281250
0.15625000
0.09375000
0.11718750
0.14843750
0.12500000
0.17187500
0.14062500
0.23437500
0.13281250
0.16406250
0.14843750
0.14843750
0.15625000
0.08593750
0.17968750
0.12500000
0.18750000
0.12500000
0.21875000
0.22656250
0.10156250
0.16406250
0.13281250
0.04687500
0.07812500
0.15625000
0.11718750
0.17187500
0.14062500
0.16406250
0.17187500
0.13281250
0.14062500
0.10937500
0.11718750
0.05468750
0.13281250
0.16406250
0.10156250
0.11718750
0.21875000
0.17968750
0.16406250
0.14843750
0.14062500
0.13281250
0.17187500
0.12500000
0.10937500
0.14843750
0.11718750
0.07812500
0.18750000
0.17187500
0.19531250
0.15625000
0.22656250
0.21093750
0.17968750
0.19531250
0.25000000
0.25781250
0.23437500
0.22656250
0.21093750
0.18750000
0.14062500
0.32812500
0.43750000
0.44531250
0.75781250
0.46093750
0.47656250
0.22656250
0.32031250
0.23437500
0.15625000
0.07031250
0.09375000
0.04687500
0.04687500
0.04687500
0.05468750
0.05468750
0.04687500
0.04687500
0.04687500
0.07031250
0.07031250
0.07812500
0.11718750
0.15625000
0.19531250
0.11718750
0.12500000
0.14062500
0.18750000
0.25781250
0.28125000
0.28125000
0.25781250
0.24218750
0.21875000
0.16406250
0.10937500
0.11718750
0.10937500
0.09375000
0.08593750
0.14062500
0.13281250
0.09375000
0.11718750
0.14062500
0.11718750
0.09375000
0.13281250
0.12500000
0.13281250
0.14062500
0.14062500
0.12500000
0.11718750
0.48437500
0.42968750
0.47656250
0.64843750
0.47656250
0.48437500
0.27343750
0.11718750
0.11718750
0.14062500
0.17187500
0.23437500
0.13281250
0.12500000
0.15625000
0.09375000
0.10937500
0.08593750
0.08593750
0.10937500
0.14062500
0.14843750
0.12500000
0.14843750
0.20312500
0.12500000
0.13281250
0.10156250
0.10937500
0.14062500
0.15625000
0.14062500
0.17187500
0.16406250
0.17187500
0.16406250
0.17187500
0.15625000
0.16406250
0.14843750
0.17968750
0.20312500
0.15625000
0.17187500
0.13281250
0.17187500
0.21093750
0.10937500
0.17187500
0.14843750
0.17187500
0.16406250
0.21093750
0.19531250
0.21093750
0.17187500
0.16406250
0.14062500
0.15625000
0.17968750
0.22656250
0.17187500
0.17968750
0.11718750
0.11718750
0.17968750
0.14062500
0.09375000
